ABC_transporter	189	185	189	186	180	184	182	191	185	185	181	179	180	186	183	180	179	178	179	3481	
Antigen_85	11	11	11	11	11	11	11	11	11	11	11	11	11	11	11	11	11	11	11	209	
Esterase	63	62	64	67	56	62	63	67	67	66	54	53	53	61	56	53	53	53	56	1129	
Glyceraldehyde	2	2	2	2	2	2	2	2	2	2	2	2	2	2	2	2	2	2	2	38	
glycoside_hydrolase	1	1	1	1	1	1	1	1	1	1	1	1	1	1	1	1	1	1	1	19	
lipolytic	2	2	2	2	1	2	2	2	2	2	1	1	1	2	1	1	1	1	1	29	
MMP	5	5	5	5	4	5	5	5	5	5	4	4	4	5	7	4	4	4	4	89	
NLP~P60_family_protein	1	1	1	1	2	1	1	2	2	1	1	1	1	1	1	1	1	1	2	23	
Ornithine_carbamoyltransferas	1	1	1	1	1	1	1	1	1	1	1	1	1	1	1	1	1	1	1	19	
PspA	1	1	1	1	1	1	1	1	1	1	1	1	1	1	1	1	1	1	1	19	
putative_esterase	19	18	20	21	17	18	19	20	22	21	14	15	15	17	15	14	14	14	17	330	
Resuscitation-promoting_factor	3	3	3	3	3	3	3	3	3	3	3	3	3	3	3	3	3	3	3	57	
RPF	3	3	3	3	3	3	3	3	3	3	3	3	3	3	3	3	3	3	3	57	
shock	17	17	17	17	17	17	17	17	17	17	17	17	17	17	17	16	17	17	17	322	
